0 0.0693359375 0.12663755458515286 0.056640625 0.09898107714701601
0 0.1923828125 0.18631732168850074 0.05859375 0.10480349344978167
0 0.27587890625 0.1943231441048035 0.0751953125 0.15283842794759825
0 0.3994140625 0.11062590975254731 0.0546875 0.10189228529839885
0 0.4296875 0.2671033478893741 0.064453125 0.14119359534206696
0 0.54296875 0.22634643377001457 0.072265625 0.1557496360989811
0 0.482421875 0.13755458515283844 0.01953125 0.048034934497816595
0 0.52392578125 0.08078602620087337 0.0107421875 0.024745269286754003
0 0.5693359375 0.08005822416302766 0.015625 0.034934497816593885
0 0.626953125 0.058224163027656484 0.0234375 0.04366812227074236
0 0.7119140625 0.2430858806404658 0.08984375 0.16885007278020378
0 0.03466796875 0.6106259097525474 0.0087890625 0.042212518195050945
0 0.0830078125 0.6091703056768559 0.0234375 0.042212518195050945
