0 0.244140625 0.293888166449935 0.06640625 0.12483745123537061
0 0.31103515625 0.09622886866059818 0.0166015625 0.033810143042912875
0 0.392578125 0.1176853055916775 0.013671875 0.027308192457737322
0 0.79638671875 0.31924577373211965 0.0634765625 0.13133940182054615
0 0.5146484375 0.07282184655396619 0.025390625 0.03901170351105332
0 0.66650390625 0.06762028608582575 0.0185546875 0.033810143042912875
0 0.744140625 0.14369310793237972 0.017578125 0.029908972691807544
0 0.88525390625 0.16514954486345904 0.0146484375 0.033810143042912875
0 0.38916015625 0.1378413524057217 0.0107421875 0.02080624187256177
0 0.35546875 0.13654096228868662 0.015625 0.02340702210663199
