0 0.03125 0.22727272727272727 0.044921875 0.09970674486803519
0 0.1494140625 0.28005865102639294 0.041015625 0.07917888563049853
0 0.0732421875 0.4662756598240469 0.05859375 0.11436950146627566
0 0.27197265625 0.4464809384164223 0.0654296875 0.15102639296187684
0 0.30712890625 0.3225806451612903 0.0439453125 0.08211143695014662
0 0.40234375 0.2749266862170088 0.048828125 0.10997067448680352
0 0.4990234375 0.5043988269794721 0.0703125 0.1407624633431085
0 0.6044921875 0.2280058651026393 0.0546875 0.10117302052785923
0 0.64892578125 0.2763929618768328 0.0341796875 0.0718475073313783
0 0.7080078125 0.31451612903225806 0.025390625 0.060117302052785926
0 0.75830078125 0.25513196480938416 0.0400390625 0.10263929618768329
0 0.884765625 0.25439882697947214 0.046875 0.09237536656891496
0 0.8916015625 0.4941348973607038 0.08203125 0.17888563049853373
