0 0.28271484375 0.22981770833333331 0.0361328125 0.06901041666666666
0 0.36767578125 0.23502604166666666 0.0400390625 0.06901041666666666
0 0.294921875 0.3587239583333333 0.046875 0.07682291666666666
0 0.296875 0.470703125 0.044921875 0.08203125
0 0.4072265625 0.4680989583333333 0.0390625 0.061197916666666664
0 0.53125 0.5514322916666666 0.04296875 0.07682291666666666
0 0.6005859375 0.5572916666666666 0.041015625 0.0703125
0 0.47900390625 0.17513020833333331 0.0380859375 0.06640625
0 0.54345703125 0.212890625 0.0380859375 0.06901041666666666
0 0.60205078125 0.181640625 0.0361328125 0.06380208333333333
0 0.69873046875 0.46744791666666663 0.0361328125 0.0625
0 0.77197265625 0.4427083333333333 0.0341796875 0.05989583333333333
0 0.84521484375 0.45377604166666663 0.0380859375 0.06640625
0 0.72705078125 0.638671875 0.0498046875 0.09505208333333333
0 0.68603515625 0.18098958333333331 0.0341796875 0.0625
0 0.79541015625 0.20963541666666666 0.0341796875 0.06510416666666666
0 0.03564453125 0.26953125 0.0068359375 0.013020833333333332
