0 0.19140625 0.27232796486090777 0.04296875 0.08199121522693997
0 0.236328125 0.2708638360175696 0.0234375 0.043923865300146414
0 0.3330078125 0.27379209370424595 0.037109375 0.09077598828696926
0 0.2822265625 0.27013177159590046 0.009765625 0.016105417276720352
0 0.39453125 0.2979502196193265 0.037109375 0.08345534407027819
0 0.43017578125 0.33821376281112736 0.0283203125 0.06442166910688141
0 0.4716796875 0.37481698389458273 0.029296875 0.055636896046852125
0 0.54736328125 0.3733528550512445 0.0341796875 0.06734992679355783
0 0.59716796875 0.48535871156661786 0.0361328125 0.06588579795021962
0 0.626953125 0.36822840409956076 0.03125 0.0629575402635432
0 0.6904296875 0.3726207906295754 0.033203125 0.06588579795021962
0 0.69873046875 0.3330893118594436 0.0400390625 0.06588579795021962
0 0.732421875 0.21888726207906295 0.0234375 0.05124450951683748
0 0.79248046875 0.30161054172767204 0.0400390625 0.08199121522693997
0 0.88427734375 0.20937042459736457 0.0498046875 0.0849194729136164
