0 0.29296875 0.24156305506216696 0.060546875 0.1349911190053286
0 0.38671875 0.3783303730017762 0.03125 0.0674955595026643
0 0.4404296875 0.4706927175843695 0.017578125 0.03907637655417407
0 0.47705078125 0.5071047957371225 0.0126953125 0.03019538188277087
0 0.53515625 0.4404973357015986 0.01171875 0.03907637655417407
0 0.60400390625 0.45648312611012437 0.0126953125 0.04262877442273535
0 0.72119140625 0.45115452930728245 0.0107421875 0.035523978685612786
0 0.7548828125 0.48934280639431615 0.01171875 0.026642984014209593
0 0.80712890625 0.49555950266429843 0.0146484375 0.028419182948490232
0 0.8681640625 0.3827708703374778 0.017578125 0.047957371225577264
