0 0.08740234375 0.16459627329192547 0.0107421875 0.013112491373360938
0 0.392578125 0.21601104209799862 0.01953125 0.006901311249137336
0 0.78369140625 0.16701173222912355 0.0185546875 0.016563146997929608
0 0.1240234375 0.37646652864044167 0.01953125 0.01725327812284334
0 0.447265625 0.37715665976535545 0.017578125 0.01725327812284334
0 0.78076171875 0.37922705314009664 0.0107421875 0.015873015873015872
0 0.06787109375 0.6511387163561076 0.0224609375 0.006211180124223603
0 0.46240234375 0.6287094547964114 0.0205078125 0.008281573498964804
0 0.74560546875 0.5852311939268461 0.0126953125 0.01518288474810214
0 0.1396484375 0.8012422360248448 0.013671875 0.01518288474810214
0 0.51220703125 0.7998619737750172 0.0146484375 0.016563146997929608
0 0.74560546875 0.8516218081435473 0.0185546875 0.004140786749482402
