0 0.236328125 0.28184480234260617 0.0390625 0.11566617862371889
0 0.509765625 0.4150805270863836 0.05078125 0.0951683748169839
0 0.6298828125 0.37994143484626647 0.044921875 0.08638360175695461
0 0.7041015625 0.45900439238653 0.0390625 0.0746705710102489
0 0.30126953125 0.6764275256222547 0.0732421875 0.1376281112737921
0 0.11474609375 0.7225475841874085 0.0126953125 0.016105417276720352
0 0.08935546875 0.8133235724743778 0.0146484375 0.021961932650073207
0 0.14208984375 0.7686676427525623 0.0126953125 0.020497803806734993
0 0.19970703125 0.7796486090775988 0.0146484375 0.027818448023426062
0 0.21240234375 0.8389458272327965 0.0146484375 0.02635431918008785
0 0.17529296875 0.8557833089311859 0.0185546875 0.027818448023426062
0 0.142578125 0.8191800878477307 0.013671875 0.021961932650073207
0 0.107421875 0.8740849194729137 0.021484375 0.032210834553440704
0 0.10693359375 0.9663250366032211 0.0087890625 0.014641288433382138
0 0.123046875 0.9546120058565154 0.009765625 0.014641288433382138
0 0.14111328125 0.9458272327964861 0.0087890625 0.014641288433382138
0 0.15576171875 0.931185944363104 0.0087890625 0.014641288433382138
0 0.1748046875 0.9245973645680821 0.009765625 0.016105417276720352
0 0.19140625 0.9092240117130308 0.009765625 0.014641288433382138
0 0.2080078125 0.9077598828696926 0.009765625 0.014641288433382138
0 0.63232421875 0.7715959004392386 0.0263671875 0.05856515373352855
0 0.89208984375 0.49267935578330896 0.0849609375 0.2240117130307467
0 0.84521484375 0.1683748169838946 0.0205078125 0.043923865300146414
0 0.771484375 0.8528550512445096 0.02734375 0.05417276720351391
