0 0.27685546875 0.12152269399707175 0.0439453125 0.08784773060029283
0 0.02783203125 0.753294289897511 0.0283203125 0.05417276720351391
0 0.07666015625 0.7210834553440703 0.0322265625 0.0629575402635432
0 0.13525390625 0.766471449487555 0.0263671875 0.048316251830161056
0 0.140625 0.7489019033674964 0.01953125 0.0424597364568082
0 0.20361328125 0.7291361639824305 0.0185546875 0.03513909224011713
0 0.53125 0.5497803806734993 0.01171875 0.024890190336749635
0 0.5732421875 0.5585651537335286 0.013671875 0.027818448023426062
0 0.5234375 0.7313323572474378 0.021484375 0.0424597364568082
0 0.541015625 0.712298682284041 0.021484375 0.04538799414348463
0 0.54345703125 0.7386530014641288 0.0283203125 0.0629575402635432
0 0.59521484375 0.7137628111273793 0.0361328125 0.07174231332357248
0 0.70166015625 0.7086383601756955 0.0263671875 0.055636896046852125
0 0.7744140625 0.7313323572474378 0.025390625 0.05417276720351391
