0 0.6103515625 0.4113597246127367 0.025390625 0.055077452667814115
0 0.400390625 0.3666092943201377 0.0234375 0.0757314974182444
0 0.32861328125 0.43631669535283996 0.0205078125 0.07056798623063684
0 0.28369140625 0.3717728055077453 0.0224609375 0.08261617900172118
0 0.23193359375 0.36919104991394147 0.0302734375 0.10154905335628228
0 0.1962890625 0.37779690189328746 0.025390625 0.09466437177280551
0 0.1044921875 0.3855421686746988 0.02734375 0.0963855421686747
0 0.16455078125 0.39328743545611017 0.0263671875 0.10843373493975904
0 0.39208984375 0.43459552495697074 0.0166015625 0.049913941480206545
0 0.3740234375 0.43115318416523235 0.017578125 0.05679862306368331
