0 0.14013671875 0.7744072524407252 0.0810546875 0.07322175732217573
0 0.44775390625 0.6534170153417015 0.0361328125 0.026499302649930265
0 0.7470703125 0.6384239888423988 0.0546875 0.062064156206415616
1 0.4375 0.4996513249651325 0.283203125 0.24337517433751743
0 0.82080078125 0.3612273361227336 0.0595703125 0.06276150627615062
0 0.9228515625 0.06659693165969316 0.064453125 0.062064156206415616
0 0.77392578125 0.023361227336122732 0.0302734375 0.028591352859135284
0 0.5498046875 0.046722454672245464 0.025390625 0.022315202231520222
0 0.42529296875 0.14504881450488144 0.0224609375 0.02092050209205021
0 0.3447265625 0.13110181311018132 0.02734375 0.02510460251046025
0 0.30224609375 0.1290097629009763 0.0205078125 0.019525801952580194
0 0.28271484375 0.14086471408647142 0.0185546875 0.01813110181311018
0 0.234375 0.12447698744769874 0.0234375 0.023012552301255228
0 0.1787109375 0.1290097629009763 0.021484375 0.01813110181311018
0 0.12548828125 0.14400278940027894 0.0126953125 0.01603905160390516
0 0.10107421875 0.12308228730822873 0.0166015625 0.01882845188284519
0 0.09521484375 0.13284518828451883 0.0263671875 0.021617852161785217
0 0.04345703125 0.1307531380753138 0.0224609375 0.01882845188284519
0 0.0322265625 0.14260808926080892 0.01953125 0.014644351464435146
