0 0.416015625 0.888671875 0.01171875 0.04036458333333333
0 0.037109375 0.5872395833333333 0.005859375 0.020833333333333332
0 0.70947265625 0.49869791666666663 0.0048828125 0.013020833333333332
0 0.701171875 0.48893229166666663 0.0078125 0.016927083333333332
0 0.6591796875 0.4876302083333333 0.0078125 0.014322916666666666
0 0.6279296875 0.4895833333333333 0.005859375 0.015625
0 0.57373046875 0.48502604166666663 0.0068359375 0.014322916666666666
0 0.49755859375 0.4837239583333333 0.0068359375 0.01171875
0 0.453125 0.47916666666666663 0.0078125 0.013020833333333332
0 0.40966796875 0.4602864583333333 0.0068359375 0.014322916666666666
0 0.3662109375 0.466796875 0.0078125 0.01171875
0 0.28759765625 0.4563802083333333 0.0068359375 0.01171875
0 0.33642578125 0.46549479166666663 0.0068359375 0.014322916666666666
0 0.25927734375 0.451171875 0.0068359375 0.014322916666666666
0 0.423828125 0.48697916666666663 0.005859375 0.015625
