0 0.439453125 0.16385767790262173 0.11328125 0.15168539325842698
0 0.9404296875 0.4157303370786517 0.08984375 0.06741573033707865
0 0.89453125 0.2762172284644195 0.060546875 0.0655430711610487
0 0.98681640625 0.28277153558052437 0.0263671875 0.031835205992509365
0 0.83203125 0.3403558052434457 0.01953125 0.023408239700374533
0 0.80419921875 0.2991573033707865 0.0263671875 0.02902621722846442
0 0.869140625 0.31273408239700373 0.0234375 0.03558052434456929
0 0.75146484375 0.3146067415730337 0.0224609375 0.026217228464419477
0 0.70751953125 0.37453183520599254 0.0185546875 0.02247191011235955
0 0.693359375 0.325374531835206 0.021484375 0.027153558052434457
0 0.6767578125 0.3038389513108614 0.021484375 0.023408239700374533
0 0.72802734375 0.3202247191011236 0.0166015625 0.02059925093632959
0 0.708984375 0.31835205992509363 0.017578125 0.02247191011235955
0 0.82421875 0.2940074906367041 0.017578125 0.02247191011235955
