0 0.72705078125 0.6536458333333333 0.0634765625 0.09375
0 0.7607421875 0.8704427083333333 0.03125 0.11328125
0 0.02392578125 0.5963541666666666 0.0361328125 0.057291666666666664
0 0.2275390625 0.46940104166666663 0.015625 0.029947916666666664
0 0.2607421875 0.419921875 0.013671875 0.024739583333333332
0 0.26220703125 0.45377604166666663 0.0126953125 0.024739583333333332
0 0.3427734375 0.5182291666666666 0.0234375 0.033854166666666664
0 0.31591796875 0.462890625 0.0146484375 0.024739583333333332
0 0.39208984375 0.44010416666666663 0.0126953125 0.026041666666666664
0 0.419921875 0.47916666666666663 0.015625 0.03125
0 0.671875 0.4993489583333333 0.03125 0.05078125
0 0.6455078125 0.5384114583333333 0.025390625 0.04817708333333333
0 0.7265625 0.4778645833333333 0.01953125 0.046875
0 0.7431640625 0.43815104166666663 0.017578125 0.02734375
0 0.7822265625 0.484375 0.0234375 0.04427083333333333
0 0.8056640625 0.509765625 0.01953125 0.05859375
0 0.81298828125 0.42447916666666663 0.0166015625 0.028645833333333332
0 0.8310546875 0.421875 0.015625 0.03125
0 0.9716796875 0.484375 0.017578125 0.03125
0 0.9775390625 0.462890625 0.015625 0.029947916666666664
