0 0.96923828125 0.3471502590673575 0.0595703125 0.06476683937823835
0 0.60791015625 0.38633419689119175 0.0634765625 0.05116580310880829
0 0.53955078125 0.3805051813471503 0.0830078125 0.06800518134715026
0 0.28564453125 0.3633419689119171 0.0693359375 0.05699481865284974
0 0.16162109375 0.3847150259067358 0.0166015625 0.01295336787564767
0 0.02587890625 0.4073834196891192 0.0517578125 0.05829015544041451
0 0.35791015625 0.3843911917098446 0.0107421875 0.008419689119170985
0 0.74755859375 0.37661917098445596 0.0146484375 0.012305699481865285
0 0.82080078125 0.37370466321243523 0.0107421875 0.010362694300518135
0 0.3291015625 0.39248704663212436 0.013671875 0.011658031088082901
