0 0.30908203125 0.2692913385826772 0.0400390625 0.06299212598425197
0 0.1845703125 0.22913385826771654 0.04296875 0.08661417322834646
0 0.779296875 0.2047244094488189 0.04296875 0.03779527559055118
0 0.744140625 0.41732283464566927 0.04296875 0.05354330708661417
0 0.6171875 0.452755905511811 0.017578125 0.03622047244094488
0 0.6904296875 0.4984251968503937 0.01953125 0.03937007874015748
0 0.86279296875 0.5023622047244094 0.0205078125 0.047244094488188976
0 0.9072265625 0.49921259842519683 0.0234375 0.047244094488188976
0 0.9560546875 0.5204724409448819 0.021484375 0.04566929133858268
0 0.66064453125 0.45354330708661417 0.0166015625 0.03779527559055118
0 0.97119140625 0.40078740157480314 0.0166015625 0.03622047244094488
0 0.98779296875 0.4795275590551181 0.0166015625 0.03622047244094488
0 0.88818359375 0.4385826771653543 0.0185546875 0.03622047244094488
0 0.89013671875 0.32755905511811023 0.0146484375 0.031496062992125984
