0 0.22021484375 0.5091027308192457 0.0224609375 0.0377113133940182
0 0.37255859375 0.6007802340702211 0.0107421875 0.018205461638491547
0 0.35400390625 0.5962288686605982 0.0087890625 0.016905071521456438
0 0.6064453125 0.6235370611183355 0.025390625 0.04551365409622887
0 0.56787109375 0.5858257477243173 0.0087890625 0.01950585175552666
0 0.58984375 0.5955786736020806 0.009765625 0.018205461638491547
0 0.60009765625 0.5780234070221066 0.0087890625 0.016905071521456438
0 0.66455078125 0.5812743823146944 0.0107421875 0.018205461638491547
0 0.689453125 0.577373211963589 0.009765625 0.02080624187256177
0 0.69921875 0.5936280884265279 0.009765625 0.01950585175552666
0 0.71435546875 0.5825747724317295 0.0107421875 0.018205461638491547
0 0.80126953125 0.5890767230169051 0.0107421875 0.018205461638491547
0 0.8076171875 0.6072821846553966 0.009765625 0.018205461638491547
0 0.85546875 0.5923276983094928 0.009765625 0.01950585175552666
0 0.91748046875 0.5981794538361509 0.0107421875 0.02080624187256177
0 0.939453125 0.5799739921976593 0.01171875 0.02080624187256177
0 0.9033203125 0.5910273081924577 0.009765625 0.01950585175552666
0 0.14697265625 0.5370611183355006 0.0205078125 0.031209362808842653
0 0.1474609375 0.6371911573472042 0.025390625 0.04681404421326398
0 0.40087890625 0.5565669700910273 0.0244140625 0.03901170351105332
0 0.65966796875 0.6176853055916776 0.0205078125 0.054616384915474644
0 0.7578125 0.5767230169050716 0.01953125 0.035110533159947985
0 0.87841796875 0.5838751625487646 0.0185546875 0.026007802340702213
0 0.95703125 0.5851755526657998 0.015625 0.02860858257477243
0 0.62890625 0.5539661898569571 0.021484375 0.026007802340702213
