0 0.2158203125 0.5622254758418741 0.021484375 0.040995607613469986
0 0.16943359375 0.5527086383601757 0.0166015625 0.03953147877013177
0 0.1494140625 0.5563689604685212 0.015625 0.04685212298682284
0 0.49951171875 0.5761346998535871 0.0087890625 0.036603221083455345
0 0.40185546875 0.6537335285505125 0.0205078125 0.0424597364568082
0 0.6513671875 0.849194729136164 0.015625 0.07027818448023426
0 0.0078125 0.4062957540263543 0.009765625 0.021961932650073207
0 0.00341796875 0.38213762811127383 0.0068359375 0.02342606149341142
0 0.03515625 0.3726207906295754 0.0078125 0.01903367496339678
0 0.04931640625 0.37774524158125916 0.0087890625 0.020497803806734993
0 0.0703125 0.4128843338213763 0.01171875 0.02342606149341142
0 0.03271484375 0.4524158125915081 0.0126953125 0.02342606149341142
0 0.068359375 0.5109809663250366 0.01171875 0.02342606149341142
0 0.1015625 0.5197657393850659 0.009765625 0.020497803806734993
0 0.08837890625 0.40263543191800877 0.0107421875 0.020497803806734993
0 0.07275390625 0.3689604685212299 0.0068359375 0.014641288433382138
0 0.1279296875 0.3953147877013177 0.009765625 0.02342606149341142
0 0.1552734375 0.38872620790629575 0.009765625 0.01903367496339678
0 0.1689453125 0.3828696925329429 0.0078125 0.01903367496339678
0 0.3837890625 0.54099560761347 0.013671875 0.03367496339677892
0 0.6689453125 0.5226939970717424 0.01171875 0.02635431918008785
0 0.61767578125 0.5322108345534408 0.0146484375 0.024890190336749635
0 0.5400390625 0.47218155197657397 0.009765625 0.021961932650073207
0 0.5966796875 0.46998535871156666 0.009765625 0.02342606149341142
0 0.5771484375 0.4546120058565154 0.013671875 0.03074670571010249
0 0.1787109375 0.4912152269399707 0.0078125 0.021961932650073207
0 0.18798828125 0.5102489019033675 0.0087890625 0.021961932650073207
0 0.171875 0.5226939970717424 0.009765625 0.02342606149341142
0 0.20947265625 0.5212298682284041 0.0107421875 0.020497803806734993
0 0.2265625 0.5014641288433382 0.013671875 0.027818448023426062
0 0.2431640625 0.5036603221083455 0.0078125 0.017569546120058566
0 0.1904296875 0.40483162518301613 0.009765625 0.021961932650073207
0 0.20703125 0.390190336749634 0.009765625 0.01903367496339678
0 0.2265625 0.39751098096632503 0.0078125 0.016105417276720352
0 0.25 0.3814055636896047 0.0078125 0.01903367496339678
0 0.2529296875 0.41215226939970717 0.009765625 0.021961932650073207
0 0.26171875 0.39824304538799415 0.009765625 0.017569546120058566
0 0.2939453125 0.39385065885797954 0.009765625 0.02342606149341142
0 0.32470703125 0.41800878477306 0.0087890625 0.01903367496339678
0 0.33544921875 0.3931185944363104 0.0087890625 0.01903367496339678
0 0.3486328125 0.40043923865300146 0.0078125 0.01903367496339678
0 0.56982421875 0.404099560761347 0.0107421875 0.020497803806734993
0 0.703125 0.40702781844802344 0.0078125 0.020497803806734993
0 0.724609375 0.40922401171303074 0.0078125 0.016105417276720352
0 0.7353515625 0.41947291361639827 0.0078125 0.016105417276720352
0 0.744140625 0.3989751098096633 0.0078125 0.01903367496339678
0 0.75 0.41215226939970717 0.009765625 0.016105417276720352
0 0.73193359375 0.46998535871156666 0.0087890625 0.017569546120058566
0 0.75390625 0.4780380673499268 0.01171875 0.021961932650073207
0 0.78125 0.47144948755490484 0.009765625 0.017569546120058566
0 0.79541015625 0.4787701317715959 0.0126953125 0.020497803806734993
0 0.78955078125 0.41947291361639827 0.0107421875 0.021961932650073207
0 0.8203125 0.5497803806734993 0.015625 0.03367496339677892
0 0.82763671875 0.47144948755490484 0.0107421875 0.02342606149341142
0 0.84326171875 0.4150805270863836 0.0107421875 0.021961932650073207
0 0.87890625 0.4150805270863836 0.009765625 0.021961932650073207
0 0.8681640625 0.4751098096632504 0.009765625 0.021961932650073207
0 0.904296875 0.46486090775988287 0.01171875 0.021961932650073207
0 0.91845703125 0.5453879941434846 0.0107421875 0.01903367496339678
0 0.92822265625 0.568081991215227 0.0087890625 0.017569546120058566
0 0.9296875 0.4707174231332357 0.009765625 0.016105417276720352
0 0.92578125 0.45021961932650073 0.009765625 0.01903367496339678
0 0.94384765625 0.46486090775988287 0.0107421875 0.01903367496339678
0 0.9443359375 0.4912152269399707 0.009765625 0.01903367496339678
0 0.92236328125 0.4143484626647145 0.0087890625 0.017569546120058566
0 0.9677734375 0.39604685212298685 0.009765625 0.01903367496339678
0 0.97119140625 0.4743777452415813 0.0087890625 0.020497803806734993
0 0.96875 0.5300146412884335 0.01171875 0.02635431918008785
