0 0.08837890625 0.3682795698924731 0.0341796875 0.06451612903225806
0 0.15283203125 0.5053763440860215 0.0419921875 0.07795698924731183
0 0.2216796875 0.41801075268817206 0.029296875 0.06182795698924732
0 0.24072265625 0.30981182795698925 0.0361328125 0.06317204301075269
0 0.3466796875 0.3790322580645162 0.029296875 0.051075268817204304
0 0.30517578125 0.5188172043010754 0.0380859375 0.06720430107526883
0 0.48291015625 0.4092741935483871 0.0322265625 0.06048387096774194
0 0.56396484375 0.3602150537634409 0.0322265625 0.06720430107526883
0 0.5546875 0.48655913978494625 0.033203125 0.05913978494623656
0 0.63623046875 0.40322580645161293 0.0283203125 0.06182795698924732
0 0.70263671875 0.3541666666666667 0.0322265625 0.06317204301075269
0 0.8203125 0.33400537634408606 0.03125 0.06048387096774194
0 0.89208984375 0.37231182795698925 0.0380859375 0.06182795698924732
0 0.78125 0.48723118279569894 0.03125 0.06586021505376345
