0 0.16357421875 0.31112737920937045 0.0615234375 0.10102489019033675
0 0.255859375 0.21742313323572476 0.044921875 0.08638360175695461
0 0.29248046875 0.19399707174231334 0.0322265625 0.06588579795021962
0 0.3447265625 0.19326500732064422 0.03125 0.06149341142020498
0 0.462890625 0.2005856515373353 0.02734375 0.0527086383601757
0 0.5361328125 0.16471449487554907 0.02734375 0.048316251830161056
0 0.60888671875 0.18887262079062958 0.0244140625 0.04685212298682284
0 0.66552734375 0.1720351390922401 0.0224609375 0.0424597364568082
0 0.7841796875 0.1588579795021962 0.021484375 0.0424597364568082
0 0.80078125 0.19765739385065886 0.017578125 0.03806734992679356
0 0.916015625 0.14568081991215226 0.021484375 0.03953147877013177
0 0.55126953125 0.21888726207906295 0.0146484375 0.03367496339677892
0 0.4462890625 0.2664714494875549 0.033203125 0.03513909224011713
