0 0.669921875 0.2647569444444444 0.041015625 0.10590277777777778
0 0.05322265625 0.921875 0.0302734375 0.06597222222222222
0 0.2958984375 0.9331597222222222 0.02734375 0.06076388888888889
0 0.337890625 0.921875 0.025390625 0.06597222222222222
0 0.662109375 0.9296875 0.0390625 0.08506944444444443
0 0.72021484375 0.9678819444444444 0.0302734375 0.057291666666666664
0 0.6337890625 0.9513888888888888 0.033203125 0.06597222222222222
0 0.93408203125 0.9305555555555555 0.0341796875 0.07638888888888888
0 0.68994140625 0.796875 0.0224609375 0.05208333333333333
0 0.2353515625 0.8177083333333333 0.021484375 0.048611111111111105
0 0.17919921875 0.90625 0.0224609375 0.048611111111111105
0 0.58642578125 0.853298611111111 0.0205078125 0.046875
0 0.05224609375 0.6987847222222222 0.0185546875 0.05381944444444444
0 0.43017578125 0.7586805555555555 0.0224609375 0.0625
0 0.49365234375 0.6623263888888888 0.0556640625 0.07118055555555555
0 0.98828125 0.9678819444444444 0.025390625 0.0642361111111111
