0 0.654296875 0.20497803806734993 0.06640625 0.12005856515373353
0 0.24365234375 0.40922401171303074 0.0361328125 0.07174231332357248
0 0.25 0.6237188872620791 0.04296875 0.0849194729136164
0 0.1083984375 0.6325036603221084 0.037109375 0.06734992679355783
0 0.798828125 0.6259150805270864 0.029296875 0.0746705710102489
0 0.54833984375 0.4341142020497804 0.0322265625 0.06881405563689605
0 0.54638671875 0.6442166910688141 0.0341796875 0.07027818448023426
0 0.84814453125 0.44363103953147875 0.0302734375 0.06149341142020498
0 0.791015625 0.43704245973645683 0.03125 0.08052708638360176
0 0.95654296875 0.4158125915080527 0.0380859375 0.08199121522693997
0 0.11279296875 0.36822840409956076 0.0205078125 0.036603221083455345
0 0.15771484375 0.376281112737921 0.0185546875 0.032210834553440704
0 0.06396484375 0.4890190336749634 0.0244140625 0.03806734992679356
0 0.09375 0.4787701317715959 0.015625 0.03806734992679356
0 0.18701171875 0.44363103953147875 0.0166015625 0.040995607613469986
0 0.28759765625 0.438506588579795 0.0166015625 0.03367496339677892
0 0.50634765625 0.33601756954612005 0.0146484375 0.03367496339677892
0 0.52490234375 0.31551976573938506 0.0185546875 0.03367496339677892
0 0.54150390625 0.383601756954612 0.0146484375 0.029282576866764276
0 0.59130859375 0.3828696925329429 0.0185546875 0.04538799414348463
0 0.43798828125 0.25915080527086387 0.0556640625 0.1259150805270864
