0 0.1298828125 0.809228650137741 0.072265625 0.25206611570247933
0 0.2021484375 0.2713498622589532 0.07421875 0.25068870523415976
0 0.34765625 0.4166666666666667 0.044921875 0.14738292011019283
0 0.37939453125 0.30303030303030304 0.0380859375 0.09366391184573003
0 0.42041015625 0.2238292011019284 0.0478515625 0.15289256198347106
0 0.56494140625 0.2568870523415978 0.0712890625 0.2272727272727273
0 0.64453125 0.19077134986225897 0.0546875 0.18870523415977963
0 0.6943359375 0.29338842975206614 0.0859375 0.3112947658402204
0 0.8857421875 0.25619834710743805 0.08203125 0.24517906336088155
0 0.96923828125 0.3450413223140496 0.0537109375 0.25206611570247933
0 0.9375 0.1618457300275482 0.05078125 0.11983471074380166
