0 0.798828125 0.24705882352941178 0.029296875 0.06764705882352941
0 0.9384765625 0.6058823529411764 0.029296875 0.058823529411764705
0 0.99609375 0.5536764705882353 0.009765625 0.03676470588235294
0 0.7412109375 0.6014705882352941 0.029296875 0.06470588235294117
0 0.76318359375 0.575735294117647 0.0185546875 0.033823529411764704
0 0.7783203125 0.5551470588235294 0.017578125 0.03676470588235294
0 0.771484375 0.5227941176470589 0.013671875 0.027941176470588233
0 0.70703125 0.5713235294117647 0.015625 0.051470588235294115
0 0.72314453125 0.5463235294117647 0.0126953125 0.027941176470588233
0 0.6484375 0.586764705882353 0.03125 0.07058823529411765
0 0.61083984375 0.5397058823529411 0.0166015625 0.03823529411764706
0 0.65673828125 0.5360294117647059 0.0205078125 0.04264705882352941
0 0.58837890625 0.6544117647058824 0.0322265625 0.06764705882352941
0 0.5673828125 0.6029411764705882 0.025390625 0.044117647058823525
0 0.53955078125 0.625 0.0283203125 0.058823529411764705
0 0.52392578125 0.5683823529411764 0.0263671875 0.04852941176470588
0 0.50830078125 0.5963235294117647 0.0244140625 0.054411764705882354
0 0.537109375 0.5507352941176471 0.021484375 0.04264705882352941
0 0.55810546875 0.5691176470588235 0.0185546875 0.03823529411764706
0 0.4697265625 0.5323529411764706 0.015625 0.03529411764705882
0 0.48193359375 0.6477941176470589 0.0380859375 0.07205882352941176
0 0.44384765625 0.5713235294117647 0.0224609375 0.04852941176470588
0 0.474609375 0.5573529411764706 0.021484375 0.052941176470588235
0 0.37646484375 0.5279411764705882 0.0205078125 0.032352941176470584
0 0.39599609375 0.5838235294117647 0.0205078125 0.041176470588235294
0 0.4228515625 0.6573529411764706 0.029296875 0.06764705882352941
0 0.38427734375 0.6286764705882353 0.0263671875 0.057352941176470586
0 0.3515625 0.6110294117647058 0.029296875 0.06323529411764706
0 0.3330078125 0.6691176470588235 0.03125 0.07058823529411765
0 0.3154296875 0.6154411764705883 0.029296875 0.0661764705882353
0 0.2685546875 0.6286764705882353 0.02734375 0.057352941176470586
0 0.28662109375 0.5147058823529411 0.0185546875 0.03823529411764706
0 0.33837890625 0.5926470588235294 0.0263671875 0.061764705882352944
0 0.18603515625 0.5352941176470588 0.0185546875 0.03823529411764706
0 0.2099609375 0.5536764705882353 0.025390625 0.045588235294117645
0 0.259765625 0.5816176470588236 0.02734375 0.057352941176470586
0 0.2197265625 0.5191176470588236 0.013671875 0.03529411764705882
0 0.1630859375 0.5301470588235294 0.015625 0.039705882352941174
0 0.13720703125 0.5551470588235294 0.0283203125 0.060294117647058824
0 0.1787109375 0.6191176470588236 0.0234375 0.06764705882352941
0 0.21875 0.6176470588235294 0.03125 0.06470588235294117
0 0.236328125 0.6823529411764706 0.03515625 0.08823529411764705
0 0.11962890625 0.6727941176470588 0.0380859375 0.060294117647058824
0 0.03515625 0.6426470588235293 0.041015625 0.08823529411764705
0 0.07763671875 0.6036764705882353 0.0341796875 0.060294117647058824
0 0.00927734375 0.5485294117647058 0.0146484375 0.03823529411764706
0 0.0947265625 0.5485294117647058 0.0234375 0.058823529411764705
0 0.11083984375 0.5897058823529412 0.0224609375 0.058823529411764705
