0 0.19580078125 0.28800000000000003 0.0576171875 0.07542857142857143
0 0.2705078125 0.28800000000000003 0.044921875 0.0662857142857143
0 0.4111328125 0.2822857142857143 0.046875 0.07771428571428572
0 0.52392578125 0.28400000000000003 0.0419921875 0.07428571428571429
0 0.57666015625 0.2422857142857143 0.0380859375 0.05714285714285715
0 0.67919921875 0.308 0.0419921875 0.06285714285714286
0 0.75244140625 0.30114285714285716 0.0380859375 0.056
0 0.8173828125 0.32171428571428573 0.041015625 0.06514285714285714
0 0.91943359375 0.316 0.0439453125 0.060571428571428575
0 0.67626953125 0.15714285714285717 0.0126953125 0.024
0 0.68212890625 0.11885714285714287 0.0048828125 0.01142857142857143
0 0.673828125 0.1 0.005859375 0.012571428571428572
0 0.66015625 0.096 0.005859375 0.01142857142857143
0 0.64111328125 0.10514285714285715 0.0068359375 0.01142857142857143
0 0.6279296875 0.09657142857142857 0.005859375 0.012571428571428572
0 0.609375 0.09485714285714286 0.0078125 0.013714285714285715
0 0.58740234375 0.13714285714285715 0.0068359375 0.013714285714285715
0 0.5810546875 0.13942857142857143 0.005859375 0.013714285714285715
0 0.595703125 0.0982857142857143 0.0078125 0.009142857142857144
0 0.58203125 0.10628571428571429 0.005859375 0.01142857142857143
0 0.5634765625 0.10171428571428572 0.0078125 0.013714285714285715
0 0.45166015625 0.0862857142857143 0.0068359375 0.014857142857142859
0 0.43896484375 0.08685714285714287 0.0048828125 0.013714285714285715
0 0.42431640625 0.08342857142857144 0.0068359375 0.01142857142857143
0 0.40771484375 0.07942857142857143 0.0087890625 0.010285714285714287
0 0.30419921875 0.09314285714285715 0.0068359375 0.014857142857142859
0 0.5087890625 0.084 0.005859375 0.010285714285714287
0 0.5263671875 0.10514285714285715 0.0078125 0.009142857142857144
0 0.39208984375 0.08114285714285716 0.0087890625 0.01142857142857143
0 0.35205078125 0.1 0.0087890625 0.017142857142857144
0 0.31005859375 0.1262857142857143 0.0087890625 0.014857142857142859
0 0.37109375 0.09257142857142858 0.009765625 0.016
0 0.60693359375 0.12000000000000001 0.0068359375 0.01142857142857143
