0 0.47802734375 0.16904047976011993 0.0419921875 0.03523238380809595
0 0.26806640625 0.8875562218890555 0.0498046875 0.04947526236881559
0 0.041015625 0.7593703148425787 0.04296875 0.047976011994003
0 0.2646484375 0.6026986506746627 0.04296875 0.031484257871064465
0 0.318359375 0.6401799100449775 0.044921875 0.034482758620689655
0 0.41455078125 0.697151424287856 0.0419921875 0.037481259370314844
0 0.5068359375 0.6592953523238381 0.044921875 0.04272863568215892
0 0.4970703125 0.8380809595202399 0.05859375 0.06596701649175413
0 0.67724609375 0.6431784107946027 0.0673828125 0.035982008995502246
0 0.8173828125 0.5727136431784108 0.03515625 0.03298350824587706
