0 0.0546875 0.7454427083333333 0.017578125 0.03515625
0 0.12451171875 0.748046875 0.0166015625 0.037760416666666664
0 0.20654296875 0.7376302083333333 0.0185546875 0.03515625
0 0.28955078125 0.732421875 0.0185546875 0.037760416666666664
0 0.369140625 0.7291666666666666 0.017578125 0.03645833333333333
0 0.4560546875 0.7526041666666666 0.01953125 0.0390625
0 0.53515625 0.724609375 0.0234375 0.04296875
0 0.62744140625 0.7415364583333333 0.0205078125 0.04036458333333333
0 0.7216796875 0.7330729166666666 0.0234375 0.04427083333333333
0 0.826171875 0.740234375 0.025390625 0.04296875
0 0.9287109375 0.724609375 0.0234375 0.045572916666666664
