0 0.24462890625 0.5225464190981433 0.0478515625 0.18037135278514588
0 0.24462890625 0.15649867374005305 0.0478515625 0.16445623342175064
0 0.33935546875 0.29575596816976124 0.0693359375 0.2679045092838196
0 0.40234375 0.11936339522546419 0.046875 0.16445623342175064
0 0.5341796875 0.24270557029177717 0.0390625 0.13527851458885942
0 0.53076171875 0.5503978779840849 0.0400390625 0.16180371352785144
0 0.63671875 0.3740053050397878 0.060546875 0.1962864721485411
0 0.67626953125 0.17771883289124668 0.0380859375 0.1326259946949602
0 0.81396484375 0.5503978779840849 0.0302734375 0.16180371352785144
0 0.8212890625 0.20954907161803712 0.01953125 0.1326259946949602
