0 0.02294921875 0.14556962025316456 0.0322265625 0.06329113924050633
0 0.1171875 0.2143987341772152 0.025390625 0.055379746835443035
0 0.1396484375 0.2420886075949367 0.029296875 0.060126582278481014
0 0.22119140625 0.19145569620253164 0.0322265625 0.06962025316455696
0 0.26953125 0.1764240506329114 0.0390625 0.06170886075949367
0 0.29833984375 0.24367088607594936 0.0302734375 0.06645569620253164
0 0.35693359375 0.22231012658227847 0.0283203125 0.06487341772151899
0 0.404296875 0.2231012658227848 0.03125 0.06645569620253164
0 0.47802734375 0.14715189873417722 0.0322265625 0.060126582278481014
0 0.54248046875 0.19145569620253164 0.0322265625 0.06962025316455696
0 0.6640625 0.13765822784810125 0.033203125 0.07278481012658228
0 0.59326171875 0.27927215189873417 0.0341796875 0.07120253164556962
0 0.71533203125 0.2064873417721519 0.0380859375 0.07120253164556962
0 0.76806640625 0.2175632911392405 0.0400390625 0.08069620253164557
0 0.84326171875 0.31091772151898733 0.0322265625 0.06170886075949367
0 0.93017578125 0.3314873417721519 0.0341796875 0.07753164556962025
