0 0.43701171875 0.37792207792207794 0.0712890625 0.06883116883116883
0 0.51953125 0.387987012987013 0.0703125 0.06168831168831169
0 0.234375 0.587987012987013 0.02734375 0.025324675324675326
0 0.68603515625 0.5944805194805195 0.0224609375 0.01753246753246753
0 0.7294921875 0.5805194805194805 0.0234375 0.015584415584415584
0 0.7705078125 0.5837662337662337 0.025390625 0.01948051948051948
0 0.7880859375 0.6246753246753247 0.02734375 0.02207792207792208
0 0.80419921875 0.6016233766233766 0.0224609375 0.01753246753246753
0 0.8271484375 0.5892857142857143 0.025390625 0.02012987012987013
0 0.88134765625 0.6074675324675325 0.0263671875 0.02012987012987013
0 0.9765625 0.5889610389610389 0.033203125 0.02727272727272727
