0 0.45263671875 0.637444279346211 0.0322265625 0.08915304606240712
0 0.23974609375 0.5616641901931649 0.0361328125 0.09212481426448736
0 0.0830078125 0.6523031203566122 0.041015625 0.0861812778603269
0 0.271484375 0.47696879643387813 0.03125 0.08320950965824665
0 0.38037109375 0.4153046062407132 0.0263671875 0.08766716196136701
0 0.2099609375 0.3841010401188707 0.037109375 0.06983655274888559
0 0.083984375 0.44205052005943535 0.041015625 0.0787518573551263
0 0.39013671875 0.2852897473997028 0.0322265625 0.08320950965824665
0 0.42138671875 0.20579494799405645 0.0263671875 0.06686478454680535
0 0.4111328125 0.12852897473997027 0.033203125 0.06686478454680535
0 0.27685546875 0.1188707280832095 0.0263671875 0.06537890044576522
0 0.22900390625 0.16121842496285288 0.0361328125 0.0787518573551263
0 0.08642578125 0.2919762258543833 0.0380859375 0.0787518573551263
0 0.06005859375 0.1701337295690936 0.0361328125 0.0638930163447251
0 0.134765625 0.08172362555720654 0.033203125 0.0713224368499257
0 0.30517578125 0.03417533432392273 0.0224609375 0.05052005943536404
0 0.17578125 0.02526002971768202 0.029296875 0.020802377414561663
0 0.06201171875 0.01188707280832095 0.0302734375 0.020802377414561663
0 0.9189453125 0.6485884101040118 0.033203125 0.08469539375928677
0 0.78662109375 0.5891530460624071 0.0419921875 0.08469539375928677
0 0.57080078125 0.638187221396731 0.0244140625 0.08172362555720654
0 0.90087890625 0.43833580980683506 0.0419921875 0.08023774145616641
0 0.7548828125 0.42719167904903416 0.037109375 0.06983655274888559
0 0.5703125 0.45988112927191677 0.03515625 0.07280832095096582
0 0.58740234375 0.2986627043090639 0.0322265625 0.0713224368499257
0 0.771484375 0.32243684992570576 0.03125 0.05943536404160475
0 0.75244140625 0.28826151560178304 0.0322265625 0.05943536404160475
0 0.9140625 0.2741456166419019 0.037109375 0.07578008915304606
0 0.89013671875 0.31054977711738485 0.0244140625 0.05943536404160475
0 0.9267578125 0.1701337295690936 0.025390625 0.05794947994056463
0 0.822265625 0.17756315007429418 0.029296875 0.0549777117384844
0 0.7255859375 0.10326894502228826 0.03125 0.06983655274888559
0 0.60888671875 0.11738484398216939 0.0283203125 0.05943536404160475
0 0.54638671875 0.1277860326894502 0.0205078125 0.06240713224368499
0 0.763671875 0.04977711738484398 0.029296875 0.06092124814264487
0 0.6689453125 0.029717682020802376 0.0234375 0.05646359583952451
0 0.57177734375 0.2436849925705795 0.0322265625 0.06835066864784546
