0 0.99267578125 0.28843338213762815 0.0146484375 0.040995607613469986
0 0.9873046875 0.287701317715959 0.01953125 0.04538799414348463
0 0.8447265625 0.33821376281112736 0.021484375 0.06734992679355783
0 0.82861328125 0.33162518301610544 0.0185546875 0.06588579795021962
0 0.58447265625 0.3367496339677892 0.0341796875 0.07613469985358712
0 0.39892578125 0.3008784773060029 0.0205078125 0.0424597364568082
0 0.3603515625 0.34260614934114203 0.02734375 0.06442166910688141
0 0.275390625 0.3206442166910688 0.03125 0.06734992679355783
0 0.2109375 0.35431918008784774 0.015625 0.07320644216691069
0 0.14111328125 0.3067349926793558 0.0185546875 0.0424597364568082
0 0.12548828125 0.3162518301610542 0.0224609375 0.07320644216691069
