0 0.06201171875 0.28983050847457625 0.0087890625 0.0711864406779661
0 0.099609375 0.2305084745762712 0.01953125 0.07457627118644068
0 0.1796875 0.26440677966101694 0.01171875 0.06779661016949153
0 0.25 0.20169491525423727 0.015625 0.0847457627118644
0 0.31005859375 0.17457627118644067 0.0146484375 0.0711864406779661
0 0.3740234375 0.17796610169491525 0.015625 0.0847457627118644
0 0.431640625 0.22033898305084745 0.01171875 0.06779661016949153
0 0.48681640625 0.22203389830508474 0.0166015625 0.07796610169491525
0 0.548828125 0.2627118644067796 0.013671875 0.06440677966101695
0 0.60693359375 0.23559322033898306 0.0146484375 0.06440677966101695
0 0.681640625 0.22542372881355932 0.01171875 0.0711864406779661
0 0.77392578125 0.20169491525423727 0.0166015625 0.07796610169491525
0 0.41552734375 0.2711864406779661 0.0107421875 0.07457627118644068
0 0.81982421875 0.3135593220338983 0.0126953125 0.07796610169491525
