0 0.70654296875 0.458984375 0.0185546875 0.029947916666666664
0 0.650390625 0.4622395833333333 0.01953125 0.033854166666666664
0 0.59814453125 0.447265625 0.0205078125 0.03515625
0 0.5341796875 0.45963541666666663 0.01953125 0.03125
0 0.4853515625 0.4622395833333333 0.017578125 0.03645833333333333
0 0.41064453125 0.423828125 0.0205078125 0.03515625
0 0.3310546875 0.4231770833333333 0.01953125 0.033854166666666664
0 0.251953125 0.4153645833333333 0.021484375 0.03645833333333333
0 0.1611328125 0.3938802083333333 0.025390625 0.04296875
0 0.0732421875 0.4036458333333333 0.025390625 0.033854166666666664
