0 0.40771484375 0.3457538994800693 0.0732421875 0.14038128249566723
0 0.30517578125 0.26429809358752165 0.0244140625 0.053726169844020795
0 0.455078125 0.16637781629116116 0.029296875 0.0658578856152513
0 0.4443359375 0.08232235701906412 0.025390625 0.053726169844020795
0 0.482421875 0.06932409012131716 0.01171875 0.04159445407279029
0 0.3759765625 0.07192374350086654 0.021484375 0.053726169844020795
0 0.275390625 0.062391681109185436 0.0234375 0.05199306759098787
0 0.28955078125 0.08405545927209705 0.0126953125 0.03292894280762565
0 0.244140625 0.09098786828422877 0.013671875 0.04332755632582322
0 0.23974609375 0.049393414211438474 0.0146484375 0.03986135181975736
0 0.19287109375 0.047660311958405546 0.0205078125 0.04679376083188908
0 0.123046875 0.047660311958405546 0.021484375 0.04332755632582322
0 0.09765625 0.0511265164644714 0.017578125 0.04679376083188908
0 0.08251953125 0.05719237435008665 0.0224609375 0.04506065857885615
0 0.00732421875 0.03552859618717504 0.0146484375 0.053726169844020795
0 0.1728515625 0.062391681109185436 0.01171875 0.031195840554592718
