0 0.2744140625 0.8237885462555066 0.029296875 0.049926578560939794
0 0.09375 0.6930983847283406 0.02734375 0.04698972099853157
0 0.2265625 0.4713656387665198 0.0234375 0.0381791483113069
0 0.2890625 0.5007342143906021 0.02734375 0.05580029368575624
0 0.4599609375 0.40234948604992654 0.017578125 0.04405286343612334
0 0.48828125 0.41556534508076354 0.0234375 0.0381791483113069
0 0.5751953125 0.4096916299559471 0.0234375 0.041116005873715125
0 0.59423828125 0.5939794419970631 0.0185546875 0.033773861967694566
0 0.662109375 0.4831130690161527 0.0234375 0.049926578560939794
0 0.67236328125 0.4243759177679882 0.0205078125 0.032305433186490456
0 0.75439453125 0.4353891336270191 0.0263671875 0.0513950073421439
0 0.818359375 0.4530102790014684 0.0234375 0.042584434654919234
0 0.63134765625 0.45814977973568277 0.0107421875 0.023494860499265784
0 0.34033203125 0.4963289280469897 0.0087890625 0.020558002936857563
0 0.3974609375 0.4016152716593245 0.02734375 0.04552129221732746
