0 0.6455078125 0.2406380027739251 0.09375 0.17337031900138697
0 0.72265625 0.22468793342579751 0.05859375 0.15533980582524273
0 0.34033203125 0.32940360610263525 0.0693359375 0.12343966712898752
0 0.205078125 0.3779472954230236 0.0625 0.15117891816920945
0 0.1328125 0.1490984743411928 0.044921875 0.10124826629680998
0 0.287109375 0.151872399445215 0.03125 0.05131761442441054
0 0.0859375 0.39805825242718446 0.05859375 0.08876560332871013
0 0.0654296875 0.23855755894590847 0.0390625 0.06934812760055478
0 0.24853515625 0.3127600554785021 0.0654296875 0.12343966712898752
0 0.896484375 0.3446601941747573 0.068359375 0.14563106796116504
