0 0.490234375 0.4781420765027322 0.048828125 0.04644808743169399
0 0.732421875 0.6721311475409836 0.01953125 0.03551912568306011
0 0.96142578125 0.6741803278688525 0.0205078125 0.03415300546448088
0 0.78173828125 0.6673497267759563 0.0166015625 0.028688524590163935
0 0.8330078125 0.6857923497267759 0.015625 0.030054644808743168
0 0.888671875 0.6974043715846995 0.017578125 0.031420765027322405
0 0.67822265625 0.6741803278688525 0.0166015625 0.031420765027322405
0 0.6328125 0.6810109289617486 0.015625 0.028688524590163935
0 0.583984375 0.6741803278688525 0.013671875 0.028688524590163935
0 0.54638671875 0.6857923497267759 0.0126953125 0.02459016393442623
0 0.49560546875 0.6707650273224044 0.0146484375 0.0273224043715847
0 0.23876953125 0.6673497267759563 0.0126953125 0.023224043715846996
0 0.283203125 0.6830601092896175 0.01171875 0.02459016393442623
0 0.32080078125 0.6693989071038251 0.0126953125 0.02459016393442623
0 0.34375 0.6728142076502732 0.01171875 0.023224043715846996
0 0.3603515625 0.6755464480874317 0.013671875 0.028688524590163935
0 0.20166015625 0.6612021857923497 0.0146484375 0.0273224043715847
0 0.16357421875 0.6639344262295082 0.0126953125 0.02459016393442623
0 0.0830078125 0.6632513661202186 0.013671875 0.028688524590163935
0 0.03955078125 0.6584699453551912 0.0126953125 0.02459016393442623
0 0.5771484375 0.26366120218579236 0.03125 0.04918032786885246
