0 0.1279296875 0.3430989583333333 0.0234375 0.037760416666666664
0 0.29248046875 0.38346354166666663 0.0205078125 0.03515625
0 0.32421875 0.396484375 0.0234375 0.04036458333333333
0 0.40234375 0.361328125 0.01953125 0.03515625
0 0.4521484375 0.4114583333333333 0.0234375 0.0390625
0 0.4833984375 0.287109375 0.033203125 0.061197916666666664
0 0.78857421875 0.259765625 0.0361328125 0.05859375
0 0.716796875 0.314453125 0.025390625 0.04036458333333333
0 0.638671875 0.412109375 0.0234375 0.04296875
0 0.22998046875 0.32682291666666663 0.0263671875 0.049479166666666664
0 0.9228515625 0.3079427083333333 0.03125 0.05078125
