0 0.13037109375 0.20599489795918366 0.0595703125 0.11862244897959183
0 0.18359375 0.2468112244897959 0.048828125 0.09821428571428571
0 0.33935546875 0.22130102040816324 0.0576171875 0.08545918367346939
0 0.51025390625 0.21045918367346936 0.0712890625 0.11989795918367346
0 0.8603515625 0.21364795918367346 0.052734375 0.09056122448979591
0 0.6484375 0.1728316326530612 0.046875 0.07270408163265306
0 0.11865234375 0.054209183673469385 0.0283203125 0.049744897959183666
0 0.01904296875 0.1677295918367347 0.0361328125 0.06505102040816325
0 0.1962890625 0.035076530612244895 0.02734375 0.047193877551020405
0 0.2626953125 0.1288265306122449 0.029296875 0.0586734693877551
0 0.4072265625 0.045280612244897954 0.03125 0.057397959183673464
0 0.44580078125 0.18303571428571427 0.0302734375 0.0548469387755102
0 0.7255859375 0.3603316326530612 0.0546875 0.07015306122448979
0 0.72509765625 0.2308673469387755 0.0224609375 0.04846938775510204
0 0.7666015625 0.2391581632653061 0.025390625 0.04464285714285714
0 0.54736328125 0.14668367346938774 0.0224609375 0.04336734693877551
0 0.6484375 0.1020408163265306 0.02734375 0.04081632653061224
0 0.82763671875 0.10841836734693877 0.0166015625 0.030612244897959183
0 0.927734375 0.13329081632653061 0.03125 0.04464285714285714
0 0.95751953125 0.3176020408163265 0.0380859375 0.061224489795918366
0 0.9775390625 0.22512755102040816 0.021484375 0.03954081632653061
0 0.611328125 0.3182397959183673 0.033203125 0.07270408163265306
0 0.93212890625 0.2002551020408163 0.0224609375 0.028061224489795915
0 0.80419921875 0.19068877551020408 0.0224609375 0.03954081632653061
0 0.38330078125 0.17920918367346939 0.0302734375 0.057397959183673464
0 0.689453125 0.16645408163265304 0.025390625 0.049744897959183666
0 0.88427734375 0.042091836734693876 0.0185546875 0.033163265306122444
0 0.87744140625 0.1096938775510204 0.0185546875 0.033163265306122444
