0 0.111328125 0.34150513112884834 0.0234375 0.037628278221208664
0 0.0595703125 0.3443557582668187 0.0234375 0.03420752565564424
0 0.01123046875 0.35518814139110605 0.0224609375 0.04218928164196123
0 0.11669921875 0.43158494868871156 0.0263671875 0.037628278221208664
0 0.3134765625 0.4201824401368301 0.025390625 0.03534777651083239
0 0.54638671875 0.30444697833523376 0.0244140625 0.03876852907639681
0 0.81494140625 0.35746864310148235 0.0185546875 0.03078677309007982
0 0.880859375 0.3677309007981756 0.0234375 0.03534777651083239
0 0.94384765625 0.33010262257696693 0.0263671875 0.0330672748004561
0 0.89501953125 0.3392246294184721 0.0224609375 0.0330672748004561
0 0.7216796875 0.7799315849486887 0.078125 0.06385404789053592
0 0.3662109375 0.34549600912200684 0.021484375 0.03192702394526796
