0 0.15869140625 0.158203125 0.0537109375 0.10286458333333333
0 0.1279296875 0.19140625 0.048828125 0.08072916666666666
0 0.3779296875 0.40299479166666663 0.0546875 0.14713541666666666
0 0.51318359375 0.3548177083333333 0.0732421875 0.15494791666666666
0 0.74853515625 0.7083333333333333 0.1083984375 0.1796875
0 0.82568359375 0.7213541666666666 0.0830078125 0.16145833333333331
0 0.69873046875 0.361328125 0.0185546875 0.03515625
0 0.70703125 0.47721354166666663 0.01953125 0.029947916666666664
0 0.66748046875 0.47916666666666663 0.0205078125 0.033854166666666664
0 0.90966796875 0.08984375 0.0322265625 0.0625
