0 0.0458984375 0.30017152658662094 0.0234375 0.048027444253859346
0 0.1318359375 0.31732418524871353 0.01953125 0.044596912521440824
0 0.2216796875 0.2830188679245283 0.0234375 0.051457975986277875
0 0.29833984375 0.3353344768439108 0.0205078125 0.04631217838765009
0 0.35205078125 0.1269296740994854 0.0419921875 0.10291595197255575
0 0.66943359375 0.32675814751286447 0.0205078125 0.04631217838765009
0 0.7431640625 0.2993138936535163 0.021484375 0.04631217838765009
0 0.833984375 0.15437392795883362 0.037109375 0.09605488850771869
0 0.98193359375 0.3113207547169811 0.0224609375 0.05317324185248713
0 0.5654296875 0.3096054888507719 0.021484375 0.04631217838765009
0 0.48193359375 0.3113207547169811 0.0185546875 0.04631217838765009
0 0.66162109375 0.22469982847341338 0.0146484375 0.03430531732418525
0 0.4033203125 0.32075471698113206 0.013671875 0.041166380789022294
