0 0.08935546875 0.4367469879518073 0.0166015625 0.042168674698795185
0 0.2392578125 0.4096385542168675 0.015625 0.030120481927710843
0 0.2626953125 0.4412650602409639 0.013671875 0.03313253012048193
0 0.33056640625 0.4126506024096386 0.0224609375 0.03614457831325302
0 0.4130859375 0.3870481927710844 0.021484375 0.042168674698795185
0 0.5654296875 0.427710843373494 0.01953125 0.04819277108433735
0 0.65625 0.3704819277108434 0.029296875 0.07228915662650603
0 0.8359375 0.3855421686746988 0.02734375 0.060240963855421686
0 0.8037109375 0.38478915662650603 0.01953125 0.03463855421686747
0 0.8935546875 0.3810240963855422 0.01953125 0.0391566265060241
0 0.50390625 0.40286144578313254 0.013671875 0.02560240963855422
0 0.52783203125 0.40060240963855426 0.0107421875 0.024096385542168676
0 0.6025390625 0.40060240963855426 0.015625 0.03313253012048193
