0 0.125 0.23728813559322035 0.015625 0.028683181225554105
0 0.21435546875 0.26140808344198174 0.0185546875 0.027379400260756193
0 0.30615234375 0.29465449804432853 0.0146484375 0.02607561929595828
0 0.32958984375 0.2770534550195567 0.0126953125 0.024771838331160364
0 0.40869140625 0.2757496740547588 0.0146484375 0.022164276401564535
0 0.38623046875 0.3148631029986962 0.0126953125 0.027379400260756193
0 0.46240234375 0.32724902216427637 0.0126953125 0.02346805736636245
0 0.45849609375 0.2894393741851369 0.0126953125 0.02346805736636245
0 0.48046875 0.2861799217731421 0.013671875 0.022164276401564535
0 0.732421875 0.35853976531942633 0.013671875 0.02607561929595828
0 0.71630859375 0.45371577574967403 0.0146484375 0.02607561929595828
0 0.60888671875 0.469361147327249 0.0205078125 0.03911342894393742
0 0.619140625 0.3363754889178618 0.013671875 0.020860495436766623
0 0.548828125 0.33572359843546284 0.01171875 0.022164276401564535
0 0.57861328125 0.29726205997392435 0.0126953125 0.020860495436766623
0 0.501953125 0.3298565840938722 0.01171875 0.02346805736636245
0 0.67724609375 0.37157757496740546 0.0107421875 0.020860495436766623
0 0.59130859375 0.34419817470664926 0.0107421875 0.020860495436766623
0 0.51171875 0.3070404172099087 0.01171875 0.022164276401564535
