0 0.2001953125 0.14322916666666666 0.044921875 0.08854166666666666
0 0.2431640625 0.13736979166666666 0.052734375 0.08203125
0 0.68603515625 0.4563802083333333 0.0517578125 0.11328125
0 0.72412109375 0.46158854166666663 0.0361328125 0.08723958333333333
0 0.447265625 0.8365885416666666 0.037109375 0.05598958333333333
0 0.4228515625 0.8548177083333333 0.029296875 0.06380208333333333
0 0.94140625 0.09765625 0.015625 0.03125
0 0.89697265625 0.22526041666666666 0.0166015625 0.0234375
0 0.76708984375 0.7727864583333333 0.0205078125 0.03255208333333333
0 0.78173828125 0.775390625 0.0205078125 0.029947916666666664
