0 0.2626953125 0.27712609970674484 0.05078125 0.05278592375366569
0 0.07080078125 0.24926686217008798 0.0224609375 0.04398826979472141
0 0.11669921875 0.30058651026392963 0.0166015625 0.03225806451612903
0 0.3359375 0.23387096774193547 0.01953125 0.045454545454545456
0 0.296875 0.24193548387096775 0.01953125 0.04105571847507331
0 0.55908203125 0.2903225806451613 0.0537109375 0.10557184750733138
0 0.673828125 0.15029325513196481 0.029296875 0.06598240469208211
0 0.732421875 0.21700879765395895 0.033203125 0.08797653958944282
0 0.9169921875 0.2368035190615836 0.0234375 0.04838709677419355
0 0.861328125 0.2697947214076246 0.009765625 0.02346041055718475
0 0.8896484375 0.27419354838709675 0.01171875 0.026392961876832845
0 0.3994140625 0.3533724340175953 0.009765625 0.020527859237536656
0 0.04345703125 0.2624633431085044 0.0166015625 0.04398826979472141
